event_id,m1_det,m2_det,m1_src,m2_src,z_source,dl_source,gps_time,ra,dec,psi,theta_jn,phase,a1,a2,tilt1,tilt2,phi12,phijl
0018,7.687235784119321,7.4680438682832895,1.6982331545319174,1.64981015969584,3.5299999999999985,31605.546387247214,1126265759.6964755,4.026627490104839,-1.2292555986247011,0.326416002166115,1.0924348861580615,0.0026590327207245,0.0409556322561419,0.004815248331258,1.497913695078247,0.5155879754943561,5.659150914207649,3.982956233306644
0019,2.943919290936728,2.6715052207780854,1.3875528281642553,1.2591563348758517,1.1199999999999997,7819.189437710836,1126304035.8875723,2.798521576860898,-0.0341862148460274,0.9781096721578388,1.415654877785073,3.664458591485408,0.0102425376233826,0.0233520262553794,1.9277306857910197,0.842307022491755,6.219712263761695,2.114888914614225
0020,9.51790442679195,8.206714969381355,1.4966938405060597,1.2905088341596185,5.359999999999997,51796.61918759965,1126271072.746909,5.238744142175542,-0.6276065882641207,1.640681874269475,0.3293993337207634,5.915287652189148,0.0106028075772486,0.0371335201126547,1.075201417138044,1.457249862740501,2.7680455109172737,1.2704249589701453
0021,4.892143635075578,4.686570033658088,1.267391213839574,1.2141339516517151,2.8599999999999985,24588.77555557585,1126291330.2293584,3.637286243957288,0.979064828045788,1.6289238603531109,2.856717889697291,5.415720169783713,0.0100156454911207,0.0275343244884202,0.3880535303590966,1.2048978427456205,3.2667433902993306,4.576320028991
0001,11.838484141882198,9.515471755166278,1.7133773785618935,1.3771690578160822,5.909999999999997,58046.74990022473,1126332864.3158412,4.306262146815299,-0.406212776615354,2.832637811821382,1.581332193535565,3.0189042286029006,0.0343648445597936,0.0360767648382601,0.9306941236626431,2.610155157736079,0.9720713867321544,5.3949256206373
0022,5.620112337432128,4.840286596122247,1.3193640637876094,1.1362940471532286,3.2599999999999985,28769.728966008875,1126291878.2944071,5.319901126626286,-0.337457808497771,1.6278771980122828,0.2351755605450087,0.0094936581385475,0.0045647498286016,0.0003927523627592,1.3718661710471955,1.8796046654433096,4.314588263285263,4.1765628168001605
0023,2.857356842234805,2.663388605363461,1.2096155970351958,1.1275022952658975,1.3599999999999994,9938.849150078688,1126331127.812842,2.0307608463273703,-0.7155586454852243,2.6949921303191915,2.5392440241503094,1.716992986073643,0.0047853046503082,0.0477395159062628,2.3331681145750207,2.049135280565198,1.1353948979996076,0.6210664951728323
0024,9.392195274610506,6.8037969488517005,1.7465047888211551,1.2651849334370917,4.379999999999997,40844.34648917796,1126333054.376024,1.8711728559206608,-0.6347460542678709,2.6271855344573685,1.1242727757267468,1.090563415752296,0.0355440769942269,0.0085707829473452,1.3396761474327736,0.9376073091551076,4.229925604415603,2.4686827289574973
0025,5.350209985368172,4.652160399073495,1.428845028855093,1.2424215643557144,2.7499999999999987,23396.212264222664,1126305299.2308474,1.0379569984570525,0.1809182203249779,1.2475042244759826,2.4611218759733875,1.9278559117450909,0.0215494437963767,0.0370853657286829,2.358906051906102,1.284611710695016,4.723847356010983,2.791478429719599
0026,17.58853636902909,16.460219912437953,1.5223890383479677,1.4247267559805357,10.549999999999994,112921.2019217891,1126283389.2779272,5.406010416492325,-0.3186109880867561,1.1671080328436547,2.847662158077606,3.961872264817356,0.0318188435564776,0.0166810207263197,2.012972757396493,0.3937469888275468,3.800236707193588,2.591591560726056
0027,6.573643033437144,5.213548429017052,1.6849384524418096,1.3363226717720458,2.8999999999999986,25017.86850180377,1126316602.0598116,1.486282591305352,0.246095756587652,2.3883778812832714,2.440433844632236,1.0140995426628547,0.0425778904695538,0.0357867114984843,1.974428570420867,1.191889700622872,2.3395896712941706,4.722934076324558
0028,7.346278295322519,6.985818673476293,1.2730437017012926,1.2105793036943255,4.769999999999997,45194.90300905584,1126303878.0792732,0.8814995821584954,-0.1712436082781474,2.513686317391836,2.5157722055932834,5.099312875851801,0.0227368183148903,0.025723644668058,1.2974539791124038,0.8015782907880541,5.294701503798659,3.0062377884964717
0029,13.56229509101576,12.703730975552588,1.8152242773812917,1.700311099661869,6.479999999999997,64500.97095417844,1126290420.5512702,3.3379030302507133,0.0823564560619371,0.3902143625263746,2.620408137171795,2.8490840801965662,0.047795476327027,0.0148707008963651,0.918903130544294,1.3984616893869033,3.1126765212385377,2.085514910954693
0030,3.465233718445114,3.2938714685438075,1.298176374048242,1.2339791387964023,1.6699999999999993,12766.506843768431,1126281632.8926132,4.711390281847963,0.1393990553435344,2.550175715469497,0.8907961641073467,4.800388087064585,0.0360886577109859,0.0339179491561136,1.8574926609875568,0.4681070303704838,5.00283591199931,4.868881871262095
0031,2.873322500515185,2.8054537078333674,1.332276730745544,1.3008079300043929,1.1599999999999995,8121.916397571707,1126321561.8107088,3.530821098546247,0.6920137334449518,1.6321046921967126,1.575754336687368,3.1418821190193302,0.0223056136446788,0.0268141434532433,2.5027670856558792,0.8455254026087542,4.158230179115398,5.676881601037471
0032,3.713788616235754,3.314142991183394,1.4749280698894285,1.3162091412403096,1.5199999999999994,11357.68843011978,1126330069.7589073,5.8350041478502765,-0.149363198257355,2.823657866823443,1.0978225991258723,1.052049349564464,0.0343716045956874,0.0085326489690786,2.015726889974472,2.425225076879108,1.9637708679783443,4.583286001422543
0033,4.273513086869936,3.9588452367232208,1.4190571377062875,1.3145689450459388,2.009999999999999,16043.92380419396,1126274735.1382115,1.0819233752248538,0.4042013100116282,0.9551920010228238,1.1820551639725008,5.0996365860041575,0.0499422469547319,0.0102579907976412,2.009808592634243,1.829051925448368,1.0687265230728742,3.968503203226129
0034,11.784687447000788,11.308078852068082,1.7330765102534325,1.6629856262840843,5.799999999999997,56796.20510425551,1126310490.3922126,1.99004771406388,-1.2874490415796969,1.0460255578432782,2.170948564998891,2.469423267984968,0.0193887994740935,0.0265917213182333,1.426995496783605,0.7736972022022763,6.260677157716286,4.069708403586861
0035,5.002454797196472,4.641481985495478,1.7081570773870214,1.5848979400137249,1.9299999999999993,15238.85720156671,1126293401.0947273,2.231654185803432,-0.4160573292200357,0.927523833628722,2.661255434099409,0.3116555192504804,0.0075934541904114,0.0414799197776194,1.371528153890503,2.171534899538933,0.9666524356690078,6.250640371310787
0036,5.136397671017923,4.583094112262549,1.414673145366925,1.2622815791484832,2.629999999999999,22231.690572465443,1126339021.3268664,3.2271306316044432,-0.079346764638886,0.6823001624230417,2.7871560757897385,0.5754337016285002,0.0492270034406103,0.0429887613191799,1.0403748583060268,0.7938087673957177,0.9290603204065438,1.667039629098882
0037,6.354960539348702,6.106002319574124,1.2967599584693634,1.245958848260019,3.899999999999998,35631.72974926718,1126340240.2002437,0.4161475558273747,1.3355534322216545,2.862523472674642,0.5063588464151146,1.8858629153617443,0.0105404654185336,0.0222755123476368,1.2805292644168866,1.7194310389365697,5.222479577226926,1.2848306216495136
0038,4.2284364251584,3.43202872788906,1.747806159799282,1.4186144352372243,1.4199999999999995,10454.98767107044,1126342733.6600914,0.5360425345024287,0.9710775737145476,0.9910464570586496,1.4607289442671971,3.53239492568569,0.0183773931126071,0.0064210156707658,1.2322071472301206,1.955666163028048,2.7958026308186974,0.5841197736230915
0039,16.370838892884542,16.22485544976154,1.3758842967149412,1.3636151437236053,10.899999999999995,117110.09383152214,1126285879.0782604,2.13111169418385,1.0217369198790447,2.515221654854261,0.3394553644317232,5.034052858780562,0.0438866496270426,0.0380546161228157,0.2407568492978433,1.2337774256672864,5.723504285707849,1.307573307709441
0040,3.673102269935593,3.4129774176702714,1.3320115317822887,1.2376800164970776,1.7599999999999993,13600.167401527868,1126292520.4228091,5.999172775597758,-0.2852662753266887,2.16255451368695,2.7428214851814743,6.107769278382627,0.0233996029085454,0.0358663500002019,2.002912597935299,1.2090851366837545,2.1469402896636547,6.228031415595012
0041,10.773705663149594,10.731546200648507,1.165860702127681,1.161298477941349,8.239999999999995,85203.93631944618,1126266747.2734675,4.9614251156053015,0.8207963994372344,1.6472948177401827,2.4975495933699188,3.188023337580161,0.0460457047745612,0.0311269500511537,0.319099423801605,2.0577879998877924,1.7374844531856728,4.921793262044337
0002,6.568102170453577,6.242156247990106,1.6847679479580409,1.6011603504081156,2.8999999999999986,24987.845512274373,1126305608.531698,5.496304922484034,1.270917408455209,0.6544918034923242,2.5820269505872915,0.1657809011754588,0.0401044184978152,0.0394256658382683,2.332805998010941,0.5749865011764765,4.566543411369764,0.1217287950967615
0042,3.726616475746036,3.1247553548106564,1.454119727923742,1.219274490932396,1.5599999999999994,11772.25043859266,1126299716.1042607,5.331281732675097,-0.6938382175737546,2.693790069695594,1.261119420185958,4.546019994206401,0.0126899115314246,0.004889856241062,0.9053921658781796,1.2794857402354023,2.4034118316641586,2.508605907022924
0043,4.295935108111971,4.10196828381149,1.148299742175648,1.0964525776516103,2.739999999999999,23362.251165193804,1126275700.31486,0.2800704930451574,0.9025057148406412,0.5906201708218771,2.548267644122973,0.9794253081350156,0.0172284454827919,0.0164891417532929,2.114253235456876,2.420419843894973,6.032794063256789,5.015265610185719
0044,9.152148160926917,9.126555437652923,1.745874643016612,1.7409925447568215,4.2399999999999975,39355.07127829513,1126331964.2411523,6.113891432535018,0.8901653418025686,1.2609584312249,1.9811117450124056,0.9185488004395184,0.0308579810537988,0.0030024823054605,1.690678349098858,1.0093252590559931,0.954872175579816,0.299314700264268
0045,5.718216358773966,5.2758250495300185,1.7918717464962266,1.6532431185826673,2.189999999999999,17808.73329717704,1126266640.6946676,4.482824439919491,-0.5770361965382983,1.9429866481504845,0.1983173359457707,3.8367610773520258,0.0340388277226396,0.0023305746271596,0.6539742722199189,1.8080262369613345,0.0900948694503974,1.0271245740809556
0003,5.350702786484887,4.236818335488928,1.7874282735408,1.4153297585201934,1.989999999999999,15868.727028053929,1126273901.1108332,1.393493394786327,0.0630158025489374,0.1351270121842477,0.6176290933525296,2.459321518136574,0.0035767543934259,0.0341718123187243,1.5456595546634462,2.206367813225995,1.2566640923514347,3.990186963568203
0046,8.630708583264541,7.349127151359699,1.9185247062747228,1.6336413022654586,3.4899999999999984,31306.61408340437,1126266782.9694462,4.835510499450363,-1.0448893203063974,2.0118106153211337,2.687388533622507,4.051163753926529,0.0254681983375015,0.0062300062914483,2.325513335652412,2.4973205167225387,1.734972662985179,0.7472297577353643
0047,4.833556618878046,4.417448987465682,1.7696373271859729,1.6172941036064,1.7299999999999993,13351.988741976204,1126329633.8161266,4.704596884958397,-0.9894989295264304,1.9067234779701303,2.585782670268014,0.3289006226674069,0.0004512865043792,0.0438878854833099,2.410615558072645,1.882477365244048,2.7764314910304697,1.8978156674815445
0004,3.629422459625904,2.6892806002891025,1.5247729888266306,1.1298057650524778,1.3799999999999994,10102.021999725192,1126311955.543449,5.723550459707791,-0.4773426620318057,1.945564942848789,2.67838607044365,4.531558877876197,0.0339663680387442,0.0061417944568516,0.9911552715553472,1.596856821749982,2.9275510847093624,0.5015647477015498
0048,13.52901397058964,10.92350655911761,1.680032193487779,1.3564804297628106,7.049999999999996,71244.29952799728,1126303197.2115068,4.544412463506158,0.5451764891200204,0.5410493027106127,0.2758174408798788,3.790731019962878,0.0140868105136001,0.0026505623861451,0.918460587278422,1.1882393572695806,1.492412240006006,4.014424830016427
0049,8.43297187263019,7.244893671389639,1.474238273337064,1.26654039618999,4.719999999999997,44634.00677754371,1126271245.0773144,0.6775863566427531,0.3983098024649999,1.6864231661634912,0.5907668285716573,1.674689048238588,0.0348711429602776,0.0454049730887506,1.3033828070198927,1.5762930119285443,4.762521869065522,3.850853632324139
0050,3.5764287556983256,3.4556252004507204,1.2108933089938767,1.1699921120893029,1.949999999999999,15480.600985075058,1126330990.539898,1.7455658170236856,1.5100925737744613,2.191974102017405,1.0242288327476998,5.3595732527827655,0.0123237271787167,0.0122268799433346,1.4598120961673398,2.139374050794903,1.2556911958861072,4.046308013640518
0051,8.31260379823817,7.873059529658806,2.0660794682021697,1.9568317029146869,3.0299999999999985,26287.320279825544,1126271765.345935,0.033979525558817,0.5826905080738164,0.0517824213137014,0.731338888478223,4.434427458034682,0.0237163700089331,0.0005594908168221,1.8123201001721987,0.4723736036058432,0.1743945612396243,5.710964749423971
0052,13.6464963653186,12.405899312221385,1.5797293947403177,1.436116882096664,7.639999999999996,78097.37980307151,1126273499.624508,2.324891150984383,0.8544957132396641,2.3841522955884247,1.2042630018075156,3.1391409431369754,0.0001911727018049,0.0140241248210423,1.6416645397782366,0.9592164986890428,2.6022555300671053,4.503114751357447
0053,8.09932207983476,5.71316296513519,1.720112066283237,1.213346062312915,3.709999999999998,33557.37382021724,1126311507.1061327,4.534409513080598,-0.1714759339009905,2.057193759643509,0.264517106936336,4.410471308089341,0.022159637967077,0.0153389151614565,0.6723987449007309,0.8720927074675112,5.164977385707603,5.847665544392778
0005,5.794273422955137,5.786787665407317,1.610365557969788,1.608285088987678,2.5999999999999988,21898.163631305983,1126272396.798145,4.698682761160738,0.3171013516660801,0.6434758336316904,3.09879117791096,2.9925636255798893,0.0323823672961142,0.0237589721128516,0.7062650921151542,2.4956275229133995,0.0200799703437858,3.445092086958772
0054,2.676874780155916,2.389491274625356,1.3720777087771696,1.2247744039188992,0.9499999999999995,6377.959755154051,1126270954.9637723,5.1935610834823445,0.6909139605031348,0.7069530122745316,1.4058922769419362,3.3869753585307145,0.0460912278795172,0.0108190653413673,1.2025634642666871,1.094172412478636,3.3263295316782067,1.966590015936297
0055,7.050506491986687,4.623591526184825,1.896168492445919,1.2434721652771947,2.719999999999999,23127.623175924728,1126323877.8842692,2.0348648850499558,-0.6579375720919088,2.8685233123712592,1.1254607889747643,5.819863058360423,0.0399967361069074,0.0088131888478051,0.2408617474176157,3.060721263413692,2.9447378962209365,1.393842568530831
0056,13.85608335107752,12.649611190283249,1.652261851596328,1.5083966715316923,7.379999999999996,75137.30878737512,1126291901.3277905,4.886862735563933,-0.3305959940660475,1.205237476857564,2.466267773897268,0.4348328571299455,0.0010564537707952,0.0172960944710664,0.3757433649760849,1.3407699105145867,1.3202147460974432,2.745772246354643
0057,16.02120543176379,14.411963205299474,1.7436827288406007,1.5685393609612022,8.189999999999996,84578.44085799943,1126332518.7257452,1.3014532168316828,0.755919598744323,0.7832456279644507,2.4018503115378844,1.1731946108418845,0.0008411909364754,0.0208459688519704,0.9511993860567596,1.1927838458772977,2.7891410761503828,5.960751919544773
0016,4.782534369420335,4.479519148369783,1.7319476959429547,1.6222137194785562,1.7599999999999993,13636.26232171545,1126321095.9478512,2.499800755083677,0.4598476741622445,2.163918818092956,1.2755174710958057,1.8458207098821815,0.0201313059447762,0.0379306373293995,1.243826852492247,1.5529922065068786,3.908996613010881,5.59268119731936
0058,17.31382077292846,14.293476277033491,1.7165293466083362,1.4170859116747214,9.089999999999995,95263.92853874466,1126264607.25201,1.1365320625896629,0.8548225626123054,0.6670684180473867,0.9557251410010442,4.470485217963116,0.0376949727207797,0.022159331323423,0.7310387272962346,2.703030573620117,5.590295308561071,1.1030993626676415
0059,3.1411358794283197,3.138179118582835,1.2396442622088366,1.238477381259549,1.5299999999999994,11504.852913312405,1126331522.903498,3.3705030379320857,-0.1333333951872652,1.9258637374797136,1.8240837412385889,0.9223504740172044,0.0325813536671931,0.0284983734001406,0.9355807603160576,1.2337208763244585,6.147860939973232,2.9034254474713324
0060,9.744808565069906,9.65551406853866,2.0438833757148918,2.0251546817868,3.709999999999998,34195.135905779585,1126297023.8492322,0.5322188745387981,0.3104932080349459,2.5026832792309457,0.1553962960826599,0.7531575648988784,0.0088013834833511,0.005341640135284,1.7614271286161132,1.861343151701952,6.218194872170253,3.05653591667266
0061,3.127774197440045,3.077536184423533,1.211602142415964,1.1921415035209488,1.5799999999999994,11946.020001707098,1126314259.600465,3.703308869639428,0.4234284390551502,0.2088314557683587,0.8311224974905403,2.791096164788668,0.0120580943006445,0.0032179171437675,1.7968371178453784,2.084178033584788,5.427639948081595,0.228507593614243
0062,9.247741275664747,8.919934420387508,1.1066635052516929,1.0674353442669915,7.359999999999996,74789.48204805628,1126331213.171162,4.119779887484941,-0.9084596676650682,1.6544654005477477,0.3049054417106833,2.0777208835864465,0.0021508347365071,0.0439682804985705,1.156259766153836,1.005290692710218,1.518530660187611,3.697045197961158
0063,9.669861382356247,7.7671086864707375,1.559358221705481,1.252521035226769,5.1999999999999975,50014.2326766586,1126281929.057527,0.4649543864732305,0.2090359103864801,0.3032251419025394,2.491581764657372,1.9610148112674015,0.0434205613365202,0.021670275617715,0.756774223294018,1.0196850856719006,1.833913311447819,2.318793922910825
0064,4.544153030312957,4.165127943420499,1.251385311021527,1.1470080105472922,2.629999999999999,22236.759245655478,1126332850.3928914,4.052975729425234,-0.8531361370810624,2.95664616706454,0.5331174394936801,2.81497011030757,0.0280607809524374,0.0256897433572997,3.039199053934434,0.8377597824833334,5.414405039975416,1.0056605015763385
0006,3.9712123718452994,3.935619611132309,1.2334506794710376,1.222395638648507,2.219999999999999,18090.12768228349,1126271175.1820526,1.7184362203873376,0.3469037411737586,0.5586170301251852,0.3882130324636326,0.1288402761413379,0.0011504766923249,0.0054024500249657,0.2558110436302527,0.432756905456736,0.2824991866735622,3.132168893654896
0065,16.521746240618974,16.24945704027297,1.930840635687768,1.899019117245944,7.549999999999996,77137.53400395188,1126270881.0742671,5.233568898374,-0.9174774416949588,1.1677412628464856,0.5469304456887192,5.117051978678163,0.0207950341953549,0.0485349020524057,2.011869324251604,2.5241831428580097,3.380659906490626,3.224674217238099
0066,11.920799341379908,10.955934006775724,1.4051972189545925,1.2914610469057013,7.479999999999996,76276.53491587461,1126272265.5193596,4.141552605090439,1.551294489782307,2.7721565799560475,2.411902045722028,0.6317457850787636,0.0150512342841556,0.0283567966340221,2.6192460277354668,1.4312121605776549,5.173772125527828,2.775824429740414
0067,11.941993745537484,9.755980561379786,1.4905463977045588,1.2176979817356155,7.019999999999996,70766.65708323971,1126325946.877172,0.1776405975188348,-0.9619809220188617,0.1910530604212796,3.028429518963951,5.354584651933343,0.0153368580011524,0.0284444325580233,1.803057849154715,2.134820477955662,4.299631732162853,5.306920964123781
0008,3.5730013182169578,3.5689652857547856,1.2270688157127188,1.2256827290218784,1.9099999999999993,15077.054548537168,1126341945.2095747,5.26851107773431,-1.1819677567222602,0.6622534351720543,2.309247501098954,5.033403827627248,0.0369027517508943,0.0350607406440482,2.700203974176308,1.926429132730047,0.6800662284926446,1.393238644847716
0068,5.213104896527677,4.147078653140449,1.4045762231038224,1.1173548561093245,2.7099999999999986,23058.051126894472,1126332473.5538929,5.845314878061785,1.0229101994488183,2.066060560006553,1.0237571528019354,2.3271210765095622,0.0375205793803486,0.0466461062347327,1.6292649112910516,1.6735244137499443,3.6444675439495935,0.7398148879456123
0069,4.3570873695975205,4.312198573963396,1.4241424875979216,1.4094702913216366,2.059999999999999,16511.97543248014,1126336650.8135984,0.1799273468924727,0.5363029659653411,2.3612392710595365,0.9047970869765064,2.9063142470414207,0.047268699158152,0.0333673077854358,2.7180997406339515,2.466935591180384,1.836628142057238,5.8926184404313
0070,5.564213857421276,5.5095556686265335,1.048576685146085,1.0382763437337867,4.309999999999998,40060.60624288707,1126313279.4219875,3.390128001861711,0.862356155107407,1.6352368055740092,2.543205468409417,1.9799668972094733,0.0223779812832795,0.0331728291036533,0.8986297364738748,0.9147867764361246,2.0480445907622453,4.279012905131908
0071,9.285268761594136,9.020454808487749,1.2865705432646974,1.2498778162947066,6.229999999999997,61571.6156381253,1126302365.3562913,0.0083168250373321,-0.5852846802697166,1.8623155034624683,2.1375024022261497,0.2331820701661952,0.0187525428685887,0.0257197702003319,0.946031664969722,1.64759905059386,5.973788461868698,6.130704758411345
0072,2.566210612937136,2.5593895353594323,1.0447584162148182,1.0419814117978643,1.4599999999999995,10791.8794120537,1126306154.163685,3.945085526342235,0.6700508121650397,2.032622818055405,2.616910001760902,5.501100059691237,0.0356133695996091,0.0111725041588298,2.0940299311771704,1.213472791290297,0.7255157897368802,1.505301755056872
0009,9.08271468242642,7.718655907726439,1.6575849769532165,1.408645820359577,4.479999999999998,41966.54969719405,1126312427.312083,1.3745792643328951,-0.6019681333721877,2.2342081347285188,0.733974693944287,0.6074336023860074,0.0086564601165435,0.0387578057087744,1.5333240408204525,2.7788567467158867,2.4752400019868173,2.8563165103209647
0017,7.624244511499471,6.511385886450468,1.354695298362019,1.156959726683848,4.629999999999997,43610.178215009335,1126273357.017932,0.4764276559319961,1.3301807244369586,3.066933119005352,0.5315428260339649,5.294947015241428,0.0068221917297142,0.0232787147162352,1.6774615414721068,0.8700525921662514,6.134552640927685,4.945278476909723
0073,7.227826447010158,6.502424167616209,1.6033743333399677,1.442455777166322,3.5099999999999985,31405.54822696196,1126305420.404798,1.3991027637176028,-1.0318799931294464,1.902381587898692,2.13707062043292,0.5814380711366426,0.0338178825817034,0.0468924086072873,1.8762645032165957,1.8217829947479265,2.6260004891856825,3.881535216593966
0010,6.680190812112621,4.792551700991227,1.609142444001594,1.154442825668047,3.1499999999999986,27628.52490678761,1126270664.6445477,5.731974967982109,-0.8549012959362055,0.6225567720764905,2.589391453462797,0.6460268726382076,0.0191586550247534,0.0370398519800294,2.246769049598083,2.032326310525891,3.304254479685348,4.880183558087609
0074,14.817194303916498,8.969401533293018,1.8101096179452365,1.0957270080702817,7.189999999999996,72795.12550786581,1126298334.6423974,4.130385837339888,-0.3605621795531938,0.755461773173584,2.671681703978616,4.903424927416354,0.0047257624309575,0.0256011792376981,1.5044182775889658,0.6017437094660156,2.010865819833876,1.8644028779098905
0012,6.994778042951438,4.933736263351598,1.889572332397149,1.3328016244872856,2.699999999999999,22958.1572038518,1126338773.7925563,5.3503190751223935,1.0381223826190735,0.0972066707623247,2.77529110060596,1.6861504478177385,0.0147825117338038,0.0256301269465883,0.8743224123885932,0.9345039191418314,6.119145463184929,1.1455801299718358
0075,8.069184953270058,6.574903511521799,1.6593657488725893,1.3520782770929065,3.8699999999999983,35221.93278382622,1126316253.0075684,1.6224771834530256,-1.0003333499572686,1.669467960032298,0.4681081780228208,6.019231921656153,0.0401090118480021,0.0308560548774931,2.709519883324496,1.362122888852633,6.172159630518689,4.750182649165243
0076,4.251977517738845,3.916713105694204,1.502675039543288,1.3841905316819787,1.8299999999999992,14286.940596190652,1126307521.4433126,4.235232676132571,0.752935085691676,0.8872543890298958,1.2367622535455,6.19780665851309,0.0146835781839038,0.0192149443245535,1.7528328924408656,0.9135843780251416,1.3569613888174188,3.5076137476828477
0077,3.6806177206197743,3.4313294214487287,1.3582258295380858,1.2662331716103514,1.7099999999999993,13148.611426603102,1126281004.5846937,5.36746681025445,0.3746846183744464,1.326652771212755,0.8874034395454193,3.133496024173216,0.0289385742388188,0.0229461674122807,1.574906970267408,2.135241158804239,4.309115510322162,4.87342678331393
0078,8.442694046515404,6.354583340985274,1.6655084941820435,1.2535823841403932,4.069999999999998,37463.43292726971,1126293131.5577557,3.442953260906736,0.3895000911929775,0.0759291621261,2.7130954373165093,6.214625084135031,0.0020040699349126,0.0459711479553446,1.0321002070262746,1.1809570611973703,3.738971290582152,5.425067591262038
0079,3.85788330992079,3.7350299794644295,1.5232820853120703,1.4747735477614774,1.5299999999999994,11492.958622366918,1126293568.3308916,6.254859589226917,-0.8595316859285562,0.7695761359628699,0.6806853117840663,5.069301784981415,0.040337836386921,0.0481223476344223,2.6393259687005663,2.054491381552216,4.944056747075237,3.560505472684948
0080,6.648098302935179,3.436494024582802,2.1237881393539464,1.0978154831355875,2.129999999999999,17207.56226961339,1126304857.624544,3.203131360989415,0.2174470253917433,1.7070633513643343,2.4471147102967263,1.4843539598821092,0.0189792922033254,0.0272860045212968,2.015450585819058,2.270450979280808,0.8444367650943879,1.3966668711024657
0081,8.45751862434224,7.081876005642902,1.8683248671475017,1.5644358156440807,3.5299999999999985,31607.515720959247,1126304352.5989597,0.0314067252483354,1.4003242658798438,0.0368416362577882,2.3683843813410346,4.116692248707249,0.035093482226997,0.02353639974507,1.1663212538262508,0.3216339170228559,4.586344827868641,1.5259303134742863
0082,6.8676752051669325,5.934518681674477,1.734351914403072,1.4986940309697918,2.9599999999999986,25624.51750482209,1126276497.8872442,4.3523238691459945,-1.021157265322082,2.7634654294168848,2.325578934721811,4.428030433750694,0.0161388506912256,0.0108769082358371,2.046490800357698,1.9153131588392864,5.663963616521743,3.994431602767216
0083,16.622340429729547,14.725205933403272,1.5102869768308007,1.337915490684752,10.009999999999994,106305.96814162006,1126295713.904253,5.581945614425901,-0.4227509825710331,0.6948659277143362,0.3491866684035231,5.592162397146729,0.0363087859222081,0.0096965317188398,1.1961888889323435,1.4507804875333714,4.298592681825008,0.7849922975501004
0084,12.841740680980168,11.63238230588287,1.4171889661133812,1.2837265806127045,8.069999999999997,83080.15119139111,1126344131.8358,3.517355717197128,0.5763591449559249,2.3353122993673265,1.9216431693805711,0.8182870294091568,0.0482926016847363,0.0032599926032866,1.1922158199891697,0.6134427348375266,0.4016840700182195,0.1627300117688288
0085,5.329467342865003,4.8635075713888565,1.467697460381845,1.3393754482109246,2.629999999999999,22235.50978959314,1126268160.7953432,3.050337738403049,-1.104725335951763,3.072682705799756,1.8772518798142224,1.9434843350741755,0.04321451527295,0.0040042534445925,1.358367162600033,1.5220147440988967,3.834163005780886,1.3181652561592736
0013,5.530819348483954,5.259968067061018,1.684159697666796,1.6016842481009097,2.279999999999999,18730.87615302661,1126309479.134935,0.5720294941019097,-0.5109896844682179,0.9908570488069096,1.8928242627204568,1.2666077382685397,0.0305037576442618,0.0434530768454971,0.9295181471258992,1.6199601152396457,3.8244083297277895,3.518140105390755
0086,8.12397436472483,6.183577728952303,1.7376539053364213,1.3226184016927571,3.669999999999998,33198.69383610978,1126320430.4435005,4.145473434388082,-0.1631394653531905,0.2677736817393669,2.7688482800001384,2.364108549415008,0.0119097065589437,0.046277882985368,1.5405033536458217,1.175141238557826,4.087685074291733,5.617427834889372
0087,4.31590749924354,4.302299805192669,1.5808233753639298,1.575839171961937,1.7299999999999993,13340.45289585082,1126320302.528964,2.1099158376318967,0.3159024532539321,0.47434934241755,2.0663376609431943,3.6549638533638897,0.0286607348924633,0.0328125151924667,1.5022635704205356,2.6550609922008275,3.599244645290431,4.696901815989076
0088,4.642924616379121,3.987401971658285,1.5585360131876085,1.3384903019879797,1.979999999999999,15727.86002954342,1126316103.918084,1.4774820532778925,-1.3206212385894398,2.696591949269519,2.070962735664334,0.8979957762163449,0.0392164550154172,0.0134313234762122,0.949621148305974,1.537287824341207,3.6395602377021135,5.347824026776403
0089,12.359672517384876,10.566598042875611,1.5610532537383028,1.334584086477549,6.919999999999996,69669.39290313292,1126277764.6173017,5.5099501188660165,-0.7559973304054531,0.3738034074794854,2.6438053537638733,3.29770163346039,0.0275901451786468,0.0070358667389403,1.887475294878581,2.098275450004663,4.028582291261714,3.280468305105809
0090,8.740430561038421,7.983292978981772,1.539446322186076,1.406092174704869,4.679999999999997,44160.93047640977,1126276685.626249,5.555372064271534,-1.1324404602614797,1.201500833156952,2.392144144129624,4.636870953322371,0.0426384997028497,0.0409236509545151,2.8833012803178284,0.6248853054606791,3.272406139162899,1.5842660651053142
0091,7.295367851646369,5.622209250712193,1.7357405011231453,1.3376565103633655,3.1999999999999984,28171.78526220468,1126286027.5682242,5.815441984105026,0.1860174219434663,2.011152367538799,2.402153505689076,4.797823653769905,0.0465411098681485,0.0202055693817454,2.3356599281303465,2.876320942969646,2.215610309255136,2.6523796496784446
0092,4.501606005592414,4.467238825125425,1.743667488039086,1.7303555866506892,1.5799999999999994,11947.591950448905,1126342250.4464118,1.5200108127933898,-0.8685801543709947,1.6171461237218037,2.398920704718978,0.9879947855220916,0.0445841581361828,0.020637249725053,1.0787059162773889,2.155334169417592,4.906863598391007,1.880484302353029
0093,8.961573741134668,8.922859853815,1.6035936966770208,1.5966661918131462,4.589999999999997,43171.47276547205,1126315785.368599,3.911613722435666,0.5969683729068151,1.2155738724226444,1.3941654464354352,1.5463069864059922,0.0289449808797153,0.0309779643899602,2.3496581581735825,2.2208720286753194,5.76572538006207,5.6520108745172815
0094,15.232416111372942,14.68002363073464,1.5882633399284587,1.530666126207721,8.579999999999995,89352.0186406598,1126308990.2925107,1.4751605048228154,-1.117776113731325,3.0431886948927045,0.5217437639971398,0.8618608592271776,0.0193365768466517,0.0495242515612694,1.9466589281142408,1.4538561205180565,3.866965235880714,5.849398724401111
0095,9.515468207289254,6.9067311964379385,1.6081033870253325,1.1672297766448467,4.919999999999997,46829.5819405909,1126292507.711665,4.819451503334599,0.7648344703291361,1.3380016664623653,2.2545303754992405,1.5393657751626737,0.0420106942616552,0.0321956028778429,1.818546687720444,2.702519927325448,0.6039131365308417,4.5452953703022505
0096,14.088433442739795,9.387028821953615,1.8020862502063613,1.2007179960133103,6.819999999999997,68511.35377299268,1126342851.2041233,2.573416929692118,0.8268374218329194,2.258826508436444,0.7522865779752018,5.15965871228143,0.0136486762033265,0.025836058979925,0.8260993158629305,2.1761876222362573,4.422913545569738,0.4541303051165873
0097,22.593585631418875,18.9074899921114,2.223792601099613,1.860985548542248,9.159999999999995,96141.68809181884,1126319119.554731,1.162761171842149,-0.1577464782916554,2.584257076705596,0.8601076034052741,5.868736640878732,0.0259814959827228,0.0252047720297729,1.4102742335932743,1.0448302022640106,3.631550389327063,3.438871060010999
0015,6.38367796448475,5.570770406073068,1.331901927459854,1.1622954482610568,3.7899999999999983,34466.15701190248,1126291851.9212186,3.601179674236973,0.3902817664463756,2.0871379159456107,0.1170896512652921,6.09536655404472,0.0308471001871051,0.0342034689259867,2.181613642584192,2.602999325118728,2.0533862098316646,1.8257956319528248
0098,19.046549094861163,18.2443233632103,2.096110159372329,2.007823641019408,8.079999999999997,83377.89658924338,1126285695.3927035,1.652756544529286,1.1657282703030751,0.2726402723325303,1.98027979759568,5.63565457974858,0.0115153412036007,0.0029992471997748,2.8445380623582186,1.3357715077869543,4.601205276568751,6.024533116763252
0099,8.823619789136211,6.204767942286695,1.722443289144337,1.211221829395697,4.119999999999997,38048.267661262056,1126342623.3276443,3.787045731262933,-1.5249958819132856,1.2521255600692367,0.6436604672101821,3.512468114845821,0.0179680802790953,0.03783534688528,1.149846674749473,2.170810710088473,3.2024245801627096,3.0234046418740803
0100,6.006110208632041,5.838011543498992,1.5083526383951242,1.4661369519930123,2.9799999999999986,25854.74035596907,1126304680.9099257,5.071060052731927,-0.8582320634078923,2.469945257549813,2.6032316192398355,1.1009704703420375,0.0400749028022117,0.0143500683985778,1.0726821475073884,2.0298150275541595,0.0783782765475151,1.2326208539338492
